DJA	NDX	NYA	OEX
1.065235398	1.047602352	1.108477321	1.0674757
1.053299053	1.054350494	1.073196261	1.057863908
1.026271421	0.984027493	1.029662947	1.013092527
1.010506873	1.02041659	1.019014076	1.01704381
1.009692664	1.01329377	1.022900034	1.018432331
0.961649288	0.972925194	0.969274893	0.974339585
0.984582894	1.00513042	1.003994061	1.005466325
0.97940061	0.970616634	0.964521156	0.971927646
0.989140325	0.971931408	0.978481809	0.976986689
0.953404129	0.954672522	0.933063955	0.936084114
1.004779911	1.003362726	1.011090118	1.006323976
0.966912031	0.940497541	0.969084363	0.965446087
0.932140372	0.88458189	0.920764393	0.924357828
1.042879829	1.054638656	1.04397873	1.052193471
0.924532095	0.933015021	0.924369088	0.934253636
1.045229543	1.065118392	1.049758488	1.054335507
1.081270303	1.080026344	1.100540818	1.095769278
0.969538372	0.978861659	0.996441186	0.990060709
0.95261238	0.928684498	0.944579607	0.946065693
0.975004851	0.957309697	0.978499056	0.978322729
1.04378007	1.068505031	1.043752125	1.038376861
0.97533841	0.950072837	0.987111967	0.993483631
0.935990824	0.943250935	0.950240823	0.94433567
1.022057401	1.031107352	1.025436794	1.012523066
0.976258087	0.945433074	0.96127266	0.972110167
0.973402978	0.986567724	0.967040179	0.969519516
0.92506759	0.921346423	0.919192501	0.933515839
0.990818601	0.971785412	1.01675148	0.995112414
0.970910295	0.971272735	0.91827044	0.949574329
0.919319191	0.887171616	0.903075439	0.929433498
0.941049149	0.902975724	0.927304388	0.922777262
1.149421699	1.056634348	1.125353312	1.123689727
1.10275074	1.026604533	1.108022072	1.102893069
1.007132048	0.97862419	0.972598814	1.003128331
1.05739878	1.125684166	1.082472809	1.072304743
1.165088484	1.194676276	1.242812761	1.170835218
1.086964357	1.174278673	1.112744265	1.087103719
0.994238388	0.987508945	1.006747728	0.988287663
1.005778084	0.993478085	1.026288596	0.995170489
1.084690867	1.106407416	1.085514891	1.099915676
0.985996048	0.943485341	0.989205496	1.002894469
0.942874088	0.929201648	0.945985849	0.957425897
0.983821546	0.979426801	1.0187751	0.999853351
1.039147114	1.055091762	1.018265075	1.047977576
1.024091752	1.132240336	1.067296651	1.066230212
1.009622103	1.002000067	1.011963673	1.009305039
1.036584294	1.071743813	1.046136443	1.046775429
0.980913881	0.933956534	0.973589963	0.986319713
0.976348191	0.951040357	0.955943056	0.962182816
1.001746072	0.971504427	0.995573608	0.982951983
1.019492912	1.001055868	1.033337171	1.025186829
1.029545161	0.996944315	1.010697841	1.013944022
0.96417427	0.968654541	0.964833885	0.968993352
0.952446331	0.948927854	0.961994156	0.954807904
0.990878371	0.993928999	0.985177859	0.99053686
1.006139439	1.017415985	1.014268117	1.035790847
0.972013935	0.980259781	0.987497204	0.990446624
1.001099258	1.019551483	0.981396255	0.983691949
0.990915019	0.967224006	0.978367711	0.986038421
0.95675402	0.954742748	0.965204479	0.967934808
0.982726617	0.955021673	0.990425815	0.970969147
0.994434992	0.955498724	0.982542892	0.977924688
1.028600805	1.043592614	0.991136989	0.984407378
0.978380248	1.002761501	1.002453156	1.002829733
1.003577194	1.076684942	1.034475053	1.025275292
0.978281762	1.00173457	0.97187842	0.986339761
0.996846295	0.98057711	0.979037312	0.988209273
0.98987409	1.024051671	1.005699321	0.996470507
0.976272515	0.961683472	0.956504308	0.984847176
0.99449157	1.016630197	0.985985208	1.008
0.961625419	0.944169417	0.972249545	0.968984962
1.017156341	1.014235236	1.026887767	1.018069476
0.976924838	0.987544173	0.982065982	0.995553987
1.010696486	1.014813082	0.997407982	1.014726731
0.953276725	0.930460894	0.965374913	0.974641541
1.005484955	1.03288205	0.988438273	1.011503933
0.976442135	0.921018002	0.982337515	0.979184751
1.031461945	1.043454698	1.022717285	1.016445345
1.010346289	1.019217149	1.021443928	1.022391115
0.971564718	1.005698138	0.968393289	0.983409063
1.025561884	1.066785994	1.022599978	1.018428693
0.966994717	0.969391532	0.96629821	0.969024318
0.959929836	0.946051543	0.955320795	0.969827973
0.970277524	0.950239453	0.981702479	0.989290669
0.98989037	0.968812379	0.982340094	1.007310324
0.992928275	1.023168308	0.992087348	0.997958312
1.021991657	1.083012589	1.031209639	1.030130005
0.963414436	0.966755459	0.982088418	0.984220124
0.995300438	0.955763801	0.993014348	0.992203695
1.013102779	1.026438603	1.024791053	1.018950599
1.010584546	1.02222593	1.014139893	1.024331827
0.98944011	1.015438186	0.978970081	0.992507174
1.005518919	0.983148927	0.986624703	0.982991558
0.945710239	0.970250422	0.939514233	0.945459167
1.001895808	0.994481306	0.981226803	0.998540538
0.94658521	0.92043858	0.947142227	0.958806108
1.001393353	1.028764286	1.002857887	1.009627728
0.980464547	0.952087683	0.982125947	0.991874603
0.974939923	0.941070058	0.990318385	0.982214032
0.994996565	0.996837787	0.987321009	0.9853382
0.952940304	0.923340207	0.944105001	0.963431291
0.924342226	0.920980779	0.921787916	0.92180955
0.974533859	0.991243398	0.997010704	0.991214783
1.035357208	0.973567453	1.032359571	1.016950348
1.042472127	1.00134276	1.026972403	1.028157292
1.03454795	1.133821632	1.04737	1.076672288
0.952108457	0.886605143	0.954833535	0.942257492
0.945625689	0.841320209	0.941931716	0.902593085
1.117980779	1.131960794	1.112495648	1.131491713
1.01073134	1.020925741	0.99156458	0.995811632
1.09764889	1.092828188	1.084865877	1.068102077
1.053685454	1.149256712	1.070740206	1.079735575
1.009591638	1.056879686	1.005956651	1.006046863
1.04355572	1.137611877	1.045718982	1.08540571
0.95817684	0.935580014	0.963641891	0.973246578
0.992410563	1.140484984	0.99982674	1.01970093
0.998567177	1.017340034	1.019534405	1.018814626
0.970707724	1.012047811	0.982145119	1.000889984
0.935052769	0.855098524	0.943153024	0.930967852
0.990213967	0.856086695	0.995424842	0.979189244
1.157619986	1.257906314	1.080905395	1.083098856
1.045473729	1.14554671	1.049503995	1.077519917
0.998951066	1.087062918	1.007811925	1.015848013
1.050732639	0.983444342	1.032023084	1.022483466
0.983907649	1.030701876	0.989339484	0.998823948
0.941804527	0.848044633	0.93829888	0.916587913
1.049415517	1.212979501	1.052512166	1.082957254
1.026357912	1.358786786	1.058538955	1.116261647
1.006611405	0.903085229	0.989799277	0.959801454
0.95405126	1.070393304	0.958757885	1.015776823
1.032835519	1.309494363	1.057545141	1.076941831
0.970897189	1.087837797	0.995525622	1.01185197
1.023903893	1.141986943	1.017328953	1.088940947
0.948914251	0.885167464	0.94974272	0.945891396
0.969852228	1.042788868	1.003590277	1.0097235
1.022475291	0.88317361	1.001041457	0.963682379
1.016235783	1.135105052	1.000869917	1.026091524
0.991453514	1.165552664	1.005496853	1.043049832
0.925978936	0.970235388	0.914991509	0.906240031
1.081669634	0.836676869	1.049085443	1.021146973
1.041570401	1.038593297	1.045952166	1.051136213
0.959279861	0.800120286	0.970598159	0.931776043
1.015158149	0.889011734	0.990952857	0.970612123
0.962552273	0.912968636	0.947751208	0.937715298
1.05157965	0.995419245	1.032962668	1.029552181
1.006100833	0.947456474	1.022439962	0.987070958
1.023602855	1.011378598	1.035234671	1.030997088
0.985323277	0.909842953	0.960085508	0.934972391
1.017190756	1.02234292	1.019349171	1.025794795
0.911536004	0.98595762	0.951584334	0.956989566
0.964794402	0.914018771	0.971619504	0.956432979
1.008049066	1.104873057	1.023837822	1.035606869
0.99019405	0.86311519	0.992288416	0.94314846
0.982823783	0.84855747	0.959199547	0.955565121
0.954194902	0.898944774	0.950743767	0.930317573
0.932555306	0.960700311	0.928443372	0.918300836
0.968765683	0.847533966	0.952682068	0.954998986
1.145452004	1.207762597	1.176176223	1.169926313
1.032931811	0.971014914	1.02381291	1.006588859
0.981506771	0.891373921	0.976758932	0.953981535
1.023961	1.047019051	1.021386554	1.014063209
0.990170351	0.97799891	0.992050713	0.985889502
0.958939745	0.978265856	0.950208209	0.948989431
0.9484934	0.896996139	0.938208749	0.933974857
1.00098664	0.925032442	1.001098299	0.981121611
0.980144744	1.06023233	0.976348657	0.998173675
0.957379872	0.970595235	0.964014136	1.902483119
1.037949384	1.076047939	1.033443146	1.046254422
0.943973885	0.978936527	0.946201484	0.950877078
1.059071853	1.030706205	1.051054027	1.070142933
0.929653467	0.864746213	0.935167565	0.926077278
0.967749316	1.001619137	0.955322595	0.959995355
0.959385152	0.912280336	0.9437732	0.950405226
0.940708324	0.91119647	0.955893127	0.938271605
1.027199433	1.066996211	1.042554151	1.042512208
0.997553731	1.083590057	0.991505614	1.004241809
0.959049959	0.891280994	0.952228678	0.932858253
1.012834246	1.015401286	1.015626544	1.018625517
0.930725255	0.901655855	0.939939092	0.928155552
0.973000854	0.980824213	0.980855384	0.972205083
0.966713847	0.89967054	0.955515506	0.95140379
0.980448482	0.95846708	0.976382748	0.978923795
1.046781667	1.064920363	1.048145225	1.05058814
0.999349082	1.02227964	0.998970532	0.997668062
0.989475398	0.962939962	0.978849129	0.975929538
0.995161715	0.914448127	0.987700327	0.986882802
0.978006108	1.021551936	0.988122369	0.991755063
0.980571963	0.950211133	0.991922023	0.988477806
0.973237842	0.973657531	0.96906038	0.96058758
1.005173605	1.030352463	0.982032921	0.985339295
0.943553647	1.008522536	0.956797358	0.962846206
1.006762563	0.977120144	1.011790832	1.000377779
0.963729929	0.985796814	0.964055514	0.954018234
1.010762971	0.98632037	0.99774839	1.008142954
0.956352507	0.945770637	0.968538141	0.968513948
0.976210869	0.907198483	0.981496124	0.979440154
0.97856249	0.96201598	0.968125359	0.96121021
0.96500556	0.95227447	0.977388991	0.963089794
0.977111167	0.967236945	0.976426254	0.970064088
0.956356373	0.937179191	0.967048322	0.958078181
0.98223452	0.997384847	0.980503523	0.981947722
0.982203529	1.001360477	0.989918481	0.983295616
1.044370591	1.020330023	1.041383984	1.038697891
0.983561162	0.953516523	0.987745492	0.977934122
1.047403133	1.010283103	1.025320157	1.021816313
0.966466924	0.930283991	0.964237368	0.971768847
0.975237598	0.97336287	0.970469537	0.965114911
1.032733547	1.051484874	1.028878276	1.033148094
1.003829459	0.985218424	0.992546267	0.979286591
0.986214863	1.026014735	0.986820235	0.993326909
1.063801752	1.076274285	1.049258331	1.051972934
1.048161267	1.004415654	1.030357201	1.027503689
0.954369549	1.924104447	0.969974223	0.963584554
0.986676611	0.971075625	0.983441871	0.991337959
1.003265743	1.010924087	1.01801357	1.005754686
0.968882582	0.978848293	0.984000642	0.984843177
1.025691938	0.973701057	1.006466004	1.015698364
0.970100915	0.946907286	0.967340162	0.967524281
0.980757995	1.037578111	1.002454833	1.005622451
1.003257027	1.005421646	0.997991587	1.001967654
0.988533313	0.923487544	0.97932383	0.974997605
0.997909402	1.057288679	1.024480631	1.017783455
0.978784444	0.976962885	0.978591742	0.983830486
0.979035388	1.055305576	0.991150168	0.98506108
0.982616286	0.972001835	0.992931978	0.987723186
0.992021917	0.974388162	0.988507512	0.990167406
0.974124224	0.937870413	0.971028346	0.974206854
0.990927991	0.951481825	0.995184558	1.004155668
0.983605847	0.955537462	0.993768161	1.000312337
1.050610374	1.038879235	1.022454202	1.029896961
0.977684002	0.968912334	0.962166416	0.969606629
1.027218823	1.046691897	1.020240304	1.018395956
0.992899448	0.976418909	0.997508275	0.996520315
0.977460689	1.049340609	0.977882998	0.969549142
1.015183336	1.070670175	1.022214785	1.019305122
0.979719189	0.978128253	0.991193645	0.987789353
1.001125035	0.977949544	1.01432406	1.014071171
0.906709773	0.860769824	0.905463224	0.912983712
1.058461245	1.027090137	1.042313663	1.04568052
0.968213507	0.983008837	0.985220384	0.988942922
1.00663299	0.999547881	1.015701747	1.026015054
0.994214739	0.946938989	0.979927724	0.990869903
0.957817438	0.934008194	0.958226997	0.95414505
1.053706256	1.097582565	1.046787268	1.048200278
0.951886236	0.945	0.964224502	0.960257207
1.001402972	1.004741044	0.999659226	1.000028136
0.996511976	0.944168664	0.977593411	0.979320823
0.951636674	0.929272535	0.934679452	0.936077913
0.937981416	0.862772938	0.962148291	0.952797471
0.969770044	0.960355059	0.975456522	0.984796263
0.966117073	0.89601724	0.943828192	0.947993327
0.994910322	1.026078642	1.010107909	1.005623986
1.053196448	1.093530259	1.054332883	1.051259178
1.131645626	1.153758748	1.099624311	1.10535248
1.008115217	1.067484388	1.004519719	1.003306956
1.008816084	0.990312841	1.007469944	1.008416716
0.941874327	0.87154351	0.921551679	0.91703146
1.033071348	1.035614508	1.029530544	1.018457818
0.974281198	0.975462713	0.979769196	0.976408462
0.973095216	0.971262295	0.991424424	0.985279058
1.078746066	1.108423294	1.074601512	1.069734962
0.98190513	1.002725222	0.980822383	0.980203431
0.991558192	0.991846555	0.984006921	0.984976613
1.067146925	1.016957528	1.030441117	1.022580036
1.022743756	0.98063077	1.006699204	1.00624308
0.937159066	0.965180964	0.985354017	0.982426113
0.915657742	0.954777739	0.924590438	0.917371827
1.002934757	1.048683921	1.005337388	1.011767499
0.978270285	0.934396047	0.968018783	0.975666164
0.943329806	0.927171148	0.95668158	0.950187227
0.987762998	0.988809383	0.981042979	0.990780578
1.032715642	1.01458186	1.025475371	1.039556269
0.926856091	0.951413096	0.937766048	0.926214546
0.975349299	0.953638465	0.98489938	0.986356401
1.007249435	1.033070308	1.019750507	1.015253977
0.980318454	1.026232979	0.978528901	0.972372554
0.956754039	0.953335378	0.965617899	0.965788347
1.043807897	1.059446183	1.034120333	1.049729991
1.00905097	1.043414661	1.007301971	1.004491708
0.940991542	0.91704801	0.958379252	0.95474871
1.000875007	1.014854769	0.99885009	0.991673672
0.994608843	0.984879491	0.991410517	0.982480927
1.025157484	0.996421563	1.026327164	1.049509018
0.950166286	0.921744671	0.957930003	0.962104604
0.976579163	0.98190159	0.959067973	0.969482422
0.949780895	0.8776	0.938218814	0.939645765
1.079348467	1.094402917	1.085662615	1.108718957
1.292435437	1.369394283	1.280115262	1.271049875
1.025043324	1.019804871	1.023412617	1.032836767
0.980640373	0.936896099	0.968447983	0.957006076
0.95423009	0.963789152	0.957625907	0.958698092
0.950040761	0.997516381	0.955629267	0.953139111
0.985029975	0.979128039	0.996210785	0.99456064
1.011842539	1.006546556	1.01860584	0.995271868
0.987993578	0.982315631	0.976608821	0.968518453
0.968147241	0.912038304	0.963585418	0.962553534
0.896225841	0.848387581	0.887706204	0.87880286
1.024238312	1.046214773	1.028792542	1.021506772
0.983251845	0.97661214	0.984915423	0.972295179
0.947969868	0.951654208	0.950294997	0.956866504
1.046740397	1.103312848	1.089024494	1.080593753
0.932531168	0.953889255	0.935108716	0.936120007
1.058719017	1.123769047	1.059462996	1.067518905
0.994098875	1.003351474	0.986730605	0.995319615
0.959885982	0.949436136	0.955582185	0.960008473
1.035260199	0.960945065	1.014295866	1.004368739
0.946321154	0.94333602	0.949598187	0.955931459
0.930680832	0.946590707	0.93406967	0.937629269
0.974750988	0.995260485	0.995578339	1.009901961
0.955703696	0.952870479	0.958387132	0.949568003
0.944740504	0.916071712	0.940957343	0.936308337
